00000011111111111111100000100000
10001111111110000000000000000001
00010011000111110000000000000110
11111011111111110000000000000011
10001111111110000000000000000000
00000011000111111111100000001000
00000011111111111111100000100000
00110111111000010000000000000001
00110111111000100000000000000010
10101111111000010000000000000001
11111011111111110000000000000001
01111111111000000000000000000000
00010000000000010000000000001111
00010000000000100000000000100101
00001000000000000000000000000110
00000011111111111111100000100000
11111011111111110000000000000010
01111111111000000000000000000000
00110111111001000000000000000001
00101000000000010000000000000001
00101000000000100000000000001010
10110100010000100000000000000001
00000000001000100001100000100101
00010000011001000000000000001111
00110111111101110000000100101100
00000011111000001100100000100000
10010011111000100000000000000000
00100000010000100000000000001001
10101111111000100000000000000000
00110111111000110000000010010110
00100100000000000000000000000001
00000000000000110010000000011000
00100000100001000000000100101100
11111011001111110000000000000100
00000000100111111111100000001000
00000011111111111111100000100000
00001000000000000000000000000110
00000011111111111111100000100000
00110111111000000000000000000000
00110111111000010000000000000001
00000011111111111111100000100000
00010000001111110000000000111100
11111011111111110000000000000010
01111111111001010000000000000000
00000000101111110001000000101010
10110100010000100000000000000001
00010000010111110000000000111010
00110111111000100000000000001010
00000000010001010001000000101010
10110100010000100000000000000001
00010000010111110000000000111010
00010100101111110000000000110110
00000011111111110000100000100000
00001000000000000000000000111010
00000011111111111111100000100000
10101100000001010000000000000110
10101100000111110000000000010001
00100000000000000000000000000001
00000011111111111111100000100000
00001000000000000000000000101000
00000011111111111111100000100000
10101111111000000000000000000010
00000011111111111111100000100000
11111011111111110000000000000000
10001111111000000000000000000010
00000011111000000000100000101010
00010000001111110000000010010000
10001111111000010000000000010001
10001111111000100000000000000110
00000000010111111100000000100000
00010000001111110000000001001110
00110111111001000000000000100001
00000000010001001011100000011000
00100010111101110000000000110010
10001110111110010000000000000000
00001100000000000000000010010010
10001110111111100000000000011100
00001000000000000000000001010011
00000011111111111111100000100000
00110111111000110000000010010110
00100100010000100000000000000001
00000000010000111100100000011000
00100011001110010000000100101100
00000011111111111111100000100000
10010011111101110000000000000000
00100010111101110000000000001000
10101111111101110000000000000000
00110111111101110000000100101100
00000011000101111011100000011000
11111011000111110000000000000100
00000111111111110000000000100011
00000011001111111111100000001000
00000011111111111111100000100000
11111011111111110000000000000000
00011011111101110000000000000000
00110111111110000000000000000010
00010010111110000000000001111101
10001111111110010000000000000110
00110111111110000000000000100001
00000011001110001011100000011000
00100010111101110000000000110010
11010011111110000000000000000000
10101110111110000000000000000000
10101111000111100000000000011100
00001100000000000000000010101111
00110111111000000000000000000000
00000011111110010000100000100000
10001111111000100000000000000010
00100100010000100000000000000001
00000011111111111111100000100000
00000000000000100001100000101010
00010000011111110000000001111000
00100000000001000000000000000110
10001100100001010000000000000001
10101100000001010000000000000110
00100000000001000000000000010001
10001100100001010000000000000001
10101100000001010000000000010001
00100000000000000000000000000001
00001000000000000000000001101101
00000011111111111111100000100000
10101100010000010000000000000110
00110111111001100000000000000001
10101100010001100000000000010001
00001000000000000000000010001110
00000011111111111111100000100000
00110111111000000000000000000000
10001111111000010000000000000010
00100100001000010000000000000001
00000011111111111111100000100000
00000000000000010001000000101010
00010000010111110000000010001100
00100000000000110000000000000110
10001100011001000000000000000001
10101100000001000000000000000110
00100000000000110000000000010001
10001100011001000000000000000001
10101100000001000000000000010001
00100000000000000000000000000001
00001000000000000000000010000001
00000011111111111111100000100000
10101111111000010000000000000010
00000011111111111111100000100000
00001000000000000000000000111110
00000011111111111111100000100000
00001000000000000000000000000110
00000011111111111111100000100000
10001110111000000000000000000001
10001110111000010000000000000010
10001110111000100000000000000011
10001110111000110000000000000100
10001110111001000000000000000101
10001110111001010000000000000110
10001110111001100000000000000111
10001110111001110000000000001000
10001110111010000000000000001001
10001110111010010000000000001010
10001110111010100000000000001011
10001110111010110000000000001100
10001110111011000000000000001101
10001110111011010000000000001110
10001110111011100000000000001111
10001110111011110000000000010000
10001110111100000000000000010001
10001110111100010000000000010010
10001110111100100000000000010011
10001110111100110000000000010100
10001110111101000000000000010101
10001110111101010000000000010110
10001110111101100000000000010111
10001110111110100000000000011000
10001110111110110000000000011001
10001110111111000000000000011010
10001110111111010000000000011011
00000011110111111111100000001000
00000011111111111111100000100000
10101110111000000000000000000001
10101110111000010000000000000010
10101110111000100000000000000011
10101110111000110000000000000100
10101110111001000000000000000101
10101110111001010000000000000110
10101110111001100000000000000111
10101110111001110000000000001000
10101110111010000000000000001001
10101110111010010000000000001010
10101110111010100000000000001011
10101110111010110000000000001100
10101110111011000000000000001101
10101110111011010000000000001110
10101110111011100000000000001111
10101110111011110000000000010000
10101110111100000000000000010001
10101110111100010000000000010010
10101110111100100000000000010011
10101110111100110000000000010100
10101110111101000000000000010101
10101110111101010000000000010110
10101110111101100000000000010111
10101110111110100000000000011000
10101110111110110000000000011001
10101110111111000000000000011010
10101110111111010000000000011011
00000011110111111111100000001000
