00000011111111111111100000100000
10001111111110000000000000000001
00010011000111110000000000000110
11111011111111110000000000000011
10001111111110000000000000000000
00000011000111111111100000001000
00000011111111111111100000100000
00110111111000010000000000000001
00110111111000100000000000000010
10101111111000010000000000000001
11111011111111110000000000000001
01111111111000000000000000000000
00010000000000010000000000001111
00010000000000100000000000100010
00001000000000000000000000000110
00000011111111111111100000100000
11111011111111110000000000000010
01111111111000000000000000000000
00110111111001000000000000000001
00101000000000010000000000000001
00101000000000100000000000001010
10110100010000100000000000000001
00000000001000100001100000100101
00010000011001000000000000001111
00110111111101110000000100101100
10010011111000100000000000000000
00100000010000100000000000000111
10101111111000100000000000000000
00110111111000110000000100101100
00000000000000110010000000011000
11111000000111110000000000000100
00000000100111111111100000001000
00000011111111111111100000100000
00001000000000000000000000000110
00000011111111111111100000100000
00110111111000000000000000000000
00110111111000010000000000000001
00000011111111111111100000100000
00010000001111110000000000111001
11111011111111110000000000000010
01111111111001010000000000000000
00000000101111110001000000101010
10110100010000100000000000000001
00010000010111110000000000110111
00110111111000100000000000001010
00000000010001010001000000101010
10110100010000100000000000000001
00010000010111110000000000110111
00010100101111110000000000110011
00000011111111110000100000100000
00001000000000000000000000110111
00000011111111111111100000100000
10101100000001010000000000000110
10101100000111110000000000010001
00100000000000000000000000000001
00000011111111111111100000100000
00001000000000000000000000100101
00000011111111111111100000100000
10101111111000000000000000000010
00000011111111111111100000100000
11111011111111110000000000000000
10001111111000000000000000000010
00000011111000000000100000101010
00010000001111110000000010010001
10001111111000010000000000010001
10001111111000100000000000000110
00000000010111111100000000100000
00010000001111110000000001001011
00000011111000100011000000100000
00110111111001000000000000100001
00000000110001001011100000011000
10001110111110010000000000011100
00001100000000000000000010010011
10001110111111100000000000011100
00001000000000000000000001001110
00000011111111111111100000100000
00110111111000110000000100101100
00000000010000111100100000011000
00000011111111111111100000100000
10010011111101110000000000000000
00100010111101110000000000001000
10101111111101110000000000000000
00110111111101110000000100101100
00000011000101111011100000011000
11111011000111110000000000000100
00000111111111110000000000100011
00000011001111111111100000001000
00000011111111111111100000100000
11111011111111110000000000000000
00011011111101110000000000000000
00110111111110000000000000000010
00010010111110000000000001111001
10001111111110010000000000000110
00110111111110000000000000100001
00000011001110001011100000011000
11010011111110000000000000000000
10101110111110000000000000011100
00000010111111111100000000100000
00100011000110000000000000011100
10101111000111100000000000011100
00001100000000000000000011001100
00110111111000000000000000000000
00000011111110010000100000100000
10001111111000100000000000000010
00100100010000100000000000000001
00000011111111111111100000100000
00000000000000100001100000101010
00010000011111110000000001110100
00100000000001000000000000000110
10001100100001010000000000000001
10101100000001010000000000000110
00100000000001000000000000010001
10001100100001010000000000000001
10101100000001010000000000010001
00100000000000000000000000000001
00001000000000000000000001101001
00000011111111111111100000100000
10101100010000010000000000000110
00110111111001100000000000000001
10101100010001100000000000010001
00001000000000000000000010001010
00000011111111111111100000100000
00110111111000000000000000000000
10001111111000010000000000000010
00100100001000010000000000000001
00000011111111111111100000100000
00000000000000010001000000101010
00010000010111110000000010001000
00100000000000110000000000000110
10001100011001000000000000000001
10101100000001000000000000000110
00100000000000110000000000010001
10001100011001000000000000000001
10101100000001000000000000010001
00100000000000000000000000000001
00001000000000000000000001111101
00000011111111111111100000100000
10101111111000010000000000000010
00000011111111111111100000100000
10001111111000000000000000000110
01111000000111110000000000000000
00110111111000000000000000000001
10001100000000000000000000000110
01111000000111110000000000000000
00001000000000000000000000111011
00000011111111111111100000100000
00001000000000000000000000000110
00000011111111111111100000100000
00100010111101110000000000000001
10001110111000000000000000011100
00100010111101110000000000000001
10001110111000010000000000011100
00100010111101110000000000000001
10001110111000100000000000011100
00100010111101110000000000000001
10001110111000110000000000011100
00100010111101110000000000000001
10001110111001000000000000011100
00100010111101110000000000000001
10001110111001010000000000011100
00100010111101110000000000000001
10001110111001100000000000011100
00100010111101110000000000000001
10001110111001110000000000011100
00100010111101110000000000000001
10001110111010000000000000011100
00100010111101110000000000000001
10001110111010010000000000011100
00100010111101110000000000000001
10001110111010100000000000011100
00100010111101110000000000000001
10001110111010110000000000011100
00100010111101110000000000000001
10001110111011000000000000011100
00100010111101110000000000000001
10001110111011010000000000011100
00100010111101110000000000000001
10001110111011100000000000011100
00100010111101110000000000000001
10001110111011110000000000011100
00100010111101110000000000000001
10001110111100000000000000011100
00100010111101110000000000000001
10001110111100010000000000011100
00100010111101110000000000000001
10001110111100100000000000011100
00100010111101110000000000000001
10001110111100110000000000011100
00100010111101110000000000000001
10001110111101000000000000011100
00100010111101110000000000000001
10001110111101010000000000011100
00100010111101110000000000000001
10001110111101100000000000011100
00100010111101110000000000000001
10001110111110100000000000011100
00100010111101110000000000000001
10001110111110110000000000011100
00100010111101110000000000000001
10001110111111000000000000011100
00100010111101110000000000000001
10001110111111010000000000011100
00100010111101110000000000000001
00000011110111111111100000001000
00000011111111111111100000100000
00100010111101110000000000000001
10101110111000000000000000011100
00100010111101110000000000000001
10101110111000010000000000011100
00100010111101110000000000000001
10101110111000100000000000011100
00100010111101110000000000000001
10101110111000110000000000011100
00100010111101110000000000000001
10101110111001000000000000011100
00100010111101110000000000000001
10101110111001010000000000011100
00100010111101110000000000000001
10101110111001100000000000011100
00100010111101110000000000000001
10101110111001110000000000011100
00100010111101110000000000000001
10101110111010000000000000011100
00100010111101110000000000000001
10101110111010010000000000011100
00100010111101110000000000000001
10101110111010100000000000011100
00100010111101110000000000000001
10101110111010110000000000011100
00100010111101110000000000000001
10101110111011000000000000011100
00100010111101110000000000000001
10101110111011010000000000011100
00100010111101110000000000000001
10101110111011100000000000011100
00100010111101110000000000000001
10101110111011110000000000011100
00100010111101110000000000000001
10101110111100000000000000011100
00100010111101110000000000000001
10101110111100010000000000011100
00100010111101110000000000000001
10101110111100100000000000011100
00100010111101110000000000000001
10101110111100110000000000011100
00100010111101110000000000000001
10101110111101000000000000011100
00100010111101110000000000000001
10101110111101010000000000011100
00100010111101110000000000000001
10101110111101100000000000011100
00100010111101110000000000000001
10101110111110100000000000011100
00100010111101110000000000000001
10101110111110110000000000011100
00100010111101110000000000000001
10101110111111000000000000011100
00100010111101110000000000000001
10101110111111010000000000011100
00000011110111111111100000001000
00000011111111111111100000100000
00000011111111111111100000100000
00000011111111111111100000100000
00000011111111111111100000100000
00000011111111111111100000100000
00000011111111111111100000100000
00000011111111111111100000100000
00000011111111111111100000100000
00000011111111111111100000100000
00000011111111111111100000100000
00000011111111111111100000100000
00000011111111111111100000100000
00000011111111111111100000100000
00000011111111111111100000100000
00000011111111111111100000100000
00000011111111111111100000100000
00000011111111111111100000100000
00000011111111111111100000100000
00000011111111111111100000100000
00000011111111111111100000100000
00000011111111111111100000100000
00000011111111111111100000100000
00000011111111111111100000100000
00000011111111111111100000100000
00000011111111111111100000100000
00000011111111111111100000100000
00000011111111111111100000100000
00000011111111111111100000100000
00000011111111111111100000100000
00000011111111111111100000100000
00000011111111111111100000100000
00000011111111111111100000100000
00000011111111111111100000100000
00000011111111111111100000100000
00000011111111111111100000100000
00000011111111111111100000100000
00000011111111111111100000100000
00000011111111111111100000100000
00000011111111111111100000100000
00000011111111111111100000100000
00001000000000000000000100111111
00000011111111111111100000100000
10101111101111100000000000000011
10001111101000000000000000000000
10001111101000010000000000000001
10001111101000100000000000001000
10001111101000000000000000000000
10001111101000010000000000000001
00000000000000010001100000100000
00000011111000110001000000100000
10101111101000100000000000001000
10001111101000100000000000001000
10001111101110110000000000000010
10101111011000100000000000000010
00001000000000000000000100111100
00000011111111111111100000100000
10001111101111100000000000000011
00000011110111111111100000001000
00000011111111111111100000100000
00110111111111010000000000000000
00000011101101111110100000100000
00110111111111000000000000011000
00000011100101111110000000100000
00110111111110100000000000010111
00100111010110100000000000000101
10001111101001000000000000000110
01111111111001010000000000000000
00000011111001010010000000100000
10101111101001000000000000000110
10001111101001100000000000000111
01111111111001110000000000000000
00000011111001110011000000100000
10101111101001100000000000000111
10001111101001000000000000000110
10101111010001000000000000000000
10001111101001100000000000000111
10101111010001100000000000000001
10001111010110110000000000000001
01111011011111110000000000000000
10101111100110110000000000000010
10001111010110110000000000000000
01111011011111110000000000000000
10101111100110110000000000000001
00000011101111111101100000100000
00100011011110110000000000000000
10101111100110110000000000000011
00100011101111010000000000011001
00100011100111000000000000011001
00001100000000000000000100101110
00100111101111010000000000011001
00100111100111000000000000011001
10001111101010000000000000000010
10101111010010000000000000000000
10001111010110110000000000000000
01111011011111110000000000000000
00001000000000000000000101100101
00000011111111111111100000100000
11111111111111111111111111111111
00000011111111111111100000100000
00000011111111111111100000100000
00000011111111111111100000100000
00000011111111111111100000100000
00000011111111111111100000100000
00000011111111111111100000100000
00000011111111111111100000100000
00000011111111111111100000100000
00000011111111111111100000100000
00000011111111111111100000100000
00000011111111111111100000100000
00000011111111111111100000100000
00000011111111111111100000100000
00000011111111111111100000100000
00000011111111111111100000100000
00000011111111111111100000100000
00000011111111111111100000100000
00000011111111111111100000100000
00000011111111111111100000100000
00000011111111111111100000100000
00000011111111111111100000100000
00000011111111111111100000100000
00000011111111111111100000100000
00000011111111111111100000100000
00000011111111111111100000100000
00000011111111111111100000100000
00000011111111111111100000100000
00000011111111111111100000100000
00000011111111111111100000100000
00000011111111111111100000100000
00000011111111111111100000100000
00000011111111111111100000100000
00000011111111111111100000100000
00000011111111111111100000100000
00000011111111111111100000100000
00000011111111111111100000100000
00000011111111111111100000100000
00000011111111111111100000100000
00000011111111111111100000100000
00000011111111111111100000100000
00000011111111111111100000100000
00000011111111111111100000100000
00000011111111111111100000100000
00000011111111111111100000100000
00000011111111111111100000100000
00000011111111111111100000100000
00000011111111111111100000100000
00000011111111111111100000100000
00000011111111111111100000100000
00000011111111111111100000100000
00000011111111111111100000100000
00000011111111111111100000100000
00000011111111111111100000100000
00000011111111111111100000100000
00000011111111111111100000100000
00000011111111111111100000100000
00000011111111111111100000100000
00000011111111111111100000100000
00000011111111111111100000100000
00000011111111111111100000100000
00000011111111111111100000100000
00000011111111111111100000100000
00000011111111111111100000100000
00000011111111111111100000100000
00000011111111111111100000100000
00000011111111111111100000100000
00000011111111111111100000100000
00000011111111111111100000100000
00000011111111111111100000100000
00000011111111111111100000100000
00000011111111111111100000100000
00000011111111111111100000100000
00000011111111111111100000100000
00000011111111111111100000100000
00000011111111111111100000100000
00000011111111111111100000100000
00000011111111111111100000100000
00000011111111111111100000100000
00000011111111111111100000100000
00000011111111111111100000100000
00000011111111111111100000100000
00000011111111111111100000100000
00000011111111111111100000100000
00000011111111111111100000100000
00000011111111111111100000100000
00000011111111111111100000100000
00000011111111111111100000100000
00000011111111111111100000100000
00000011111111111111100000100000
00000011111111111111100000100000
00000011111111111111100000100000
00000011111111111111100000100000
00000011111111111111100000100000
00000011111111111111100000100000
00000011111111111111100000100000
00000011111111111111100000100000
00000011111111111111100000100000
00000011111111111111100000100000
00000011111111111111100000100000
00000011111111111111100000100000
00000011111111111111100000100000
00000011111111111111100000100000
00000011111111111111100000100000
00000011111111111111100000100000
00000011111111111111100000100000
00000011111111111111100000100000
00000011111111111111100000100000
00000011111111111111100000100000
00000011111111111111100000100000
00000011111111111111100000100000
00000011111111111111100000100000
00000011111111111111100000100000
00000011111111111111100000100000
00000011111111111111100000100000
00000011111111111111100000100000
00000011111111111111100000100000
00000011111111111111100000100000
00000011111111111111100000100000
00000011111111111111100000100000
00000011111111111111100000100000
00000011111111111111100000100000
00000011111111111111100000100000
00000011111111111111100000100000
00000011111111111111100000100000
00000011111111111111100000100000
00000011111111111111100000100000
00000011111111111111100000100000
00000011111111111111100000100000
00000011111111111111100000100000
00000011111111111111100000100000
00000011111111111111100000100000
00000011111111111111100000100000
00000011111111111111100000100000
00000011111111111111100000100000
00000011111111111111100000100000
00000011111111111111100000100000
00000011111111111111100000100000
00000011111111111111100000100000
00000011111111111111100000100000
00000011111111111111100000100000
00000011111111111111100000100000
00000011111111111111100000100000
00000011111111111111100000100000
00000011111111111111100000100000
00000011111111111111100000100000
00000011111111111111100000100000
00000011111111111111100000100000
00000011111111111111100000100000
00000011111111111111100000100000
00000011111111111111100000100000
00000011111111111111100000100000
00000011111111111111100000100000
00000011111111111111100000100000
00000011111111111111100000100000
00000011111111111111100000100000
00000011111111111111100000100000
00000011111111111111100000100000
00000011111111111111100000100000
00000011111111111111100000100000
00000011111111111111100000100000
00000011111111111111100000100000
00000011111111111111100000100000
00000011111111111111100000100000
00000011111111111111100000100000
00000011111111111111100000100000
00000011111111111111100000100000
00000011111111111111100000100000
00000011111111111111100000100000
00000011111111111111100000100000
00000011111111111111100000100000
00000011111111111111100000100000
00000011111111111111100000100000
00000011111111111111100000100000
00000011111111111111100000100000
00000011111111111111100000100000
00000011111111111111100000100000
00000011111111111111100000100000
00000011111111111111100000100000
00000011111111111111100000100000
00000011111111111111100000100000
00000011111111111111100000100000
00000011111111111111100000100000
00000011111111111111100000100000
00000011111111111111100000100000
00000011111111111111100000100000
00000011111111111111100000100000
00000011111111111111100000100000
00000011111111111111100000100000
00000011111111111111100000100000
00000011111111111111100000100000
00000011111111111111100000100000
00000011111111111111100000100000
00000011111111111111100000100000
00000011111111111111100000100000
00000011111111111111100000100000
00000011111111111111100000100000
00000011111111111111100000100000
00000011111111111111100000100000
00000011111111111111100000100000
00000011111111111111100000100000
00000011111111111111100000100000
00000011111111111111100000100000
00000011111111111111100000100000
00000011111111111111100000100000
00000011111111111111100000100000
00000011111111111111100000100000
00000011111111111111100000100000
00000011111111111111100000100000
00000011111111111111100000100000
00000011111111111111100000100000
00000011111111111111100000100000
00000011111111111111100000100000
00000011111111111111100000100000
00000011111111111111100000100000
00000011111111111111100000100000
00000011111111111111100000100000
00000011111111111111100000100000
00000011111111111111100000100000
00000011111111111111100000100000
00000011111111111111100000100000
00000011111111111111100000100000
00000011111111111111100000100000
00000011111111111111100000100000
00000011111111111111100000100000
00000011111111111111100000100000
00000011111111111111100000100000
00000011111111111111100000100000
00000011111111111111100000100000
00000011111111111111100000100000
00000011111111111111100000100000
00000011111111111111100000100000
00000011111111111111100000100000
00000011111111111111100000100000
00000011111111111111100000100000
00000011111111111111100000100000
00000011111111111111100000100000
00000011111111111111100000100000
00000011111111111111100000100000
00000011111111111111100000100000
00000011111111111111100000100000
00000011111111111111100000100000
00000011111111111111100000100000
00001000000000000000001001011010
00000011111111111111100000100000
00110111111111010000000000000000
00000011101101111110100000100000
00110111111111000000000000011000
00000011100101111110000000100000
00110111111110100000000000010111
00100111010110100000000000000101
10001111101000000000000000000111
01111111111000010000000000000000
00000011111000010000000000100000
10101111101000000000000000000111
10001111101000100000000000000110
00110111111000110000000000000001
00000011111000110001000000100000
10101111101000100000000000000110
00000011111111111111100000100000
10001111101000000000000000000111
00110111111001000000000000000001
00000000100000000010100000101010
00010011111001010000001001111011
10001111101000100000000000000110
10001111101000100000000000000110
10001111101000000000000000000111
00000000010000000011000000011000
00000011111001100001000000100000
10101111101000100000000000000110
10001111101000000000000000000111
10001111101000000000000000000111
00110111111001110000000000000001
00000000000001110100000000100010
00000011111010000000000000100000
10101111101000000000000000000111
00001000000000000000001001101001
00000011111111111111100000100000
10001111101000100000000000000110
10101111010000100000000000000000
10001111010110110000000000000000
01111011011111110000000000000000
00001000000000000000001010000001
00000011111111111111100000100000
11111111111111111111111111111111
00000011111111111111100000100000
00000011111111111111100000100000
00000011111111111111100000100000
00000011111111111111100000100000
00000011111111111111100000100000
00000011111111111111100000100000
00000011111111111111100000100000
00000011111111111111100000100000
00000011111111111111100000100000
00000011111111111111100000100000
00000011111111111111100000100000
00000011111111111111100000100000
00000011111111111111100000100000
00000011111111111111100000100000
00000011111111111111100000100000
00000011111111111111100000100000
00000011111111111111100000100000
00000011111111111111100000100000
00000011111111111111100000100000
00000011111111111111100000100000
00000011111111111111100000100000
00000011111111111111100000100000
00000011111111111111100000100000
00000011111111111111100000100000
00000011111111111111100000100000
00000011111111111111100000100000
00000011111111111111100000100000
00000011111111111111100000100000
00000011111111111111100000100000
00000011111111111111100000100000
00000011111111111111100000100000
00000011111111111111100000100000
00000011111111111111100000100000
00000011111111111111100000100000
00000011111111111111100000100000
00000011111111111111100000100000
00000011111111111111100000100000
00000011111111111111100000100000
00000011111111111111100000100000
00000011111111111111100000100000
00000011111111111111100000100000
00000011111111111111100000100000
00000011111111111111100000100000
00000011111111111111100000100000
00000011111111111111100000100000
00000011111111111111100000100000
00000011111111111111100000100000
00000011111111111111100000100000
00000011111111111111100000100000
00000011111111111111100000100000
00000011111111111111100000100000
00000011111111111111100000100000
00000011111111111111100000100000
00000011111111111111100000100000
00000011111111111111100000100000
00000011111111111111100000100000
00000011111111111111100000100000
00000011111111111111100000100000
00000011111111111111100000100000
00000011111111111111100000100000
00000011111111111111100000100000
00000011111111111111100000100000
00000011111111111111100000100000
00000011111111111111100000100000
00000011111111111111100000100000
00000011111111111111100000100000
00000011111111111111100000100000
00000011111111111111100000100000
00000011111111111111100000100000
00000011111111111111100000100000
00000011111111111111100000100000
00000011111111111111100000100000
00000011111111111111100000100000
00000011111111111111100000100000
00000011111111111111100000100000
00000011111111111111100000100000
00000011111111111111100000100000
00000011111111111111100000100000
00000011111111111111100000100000
00000011111111111111100000100000
00000011111111111111100000100000
00000011111111111111100000100000
00000011111111111111100000100000
00000011111111111111100000100000
00000011111111111111100000100000
00000011111111111111100000100000
00000011111111111111100000100000
00000011111111111111100000100000
00000011111111111111100000100000
00000011111111111111100000100000
00000011111111111111100000100000
00000011111111111111100000100000
00000011111111111111100000100000
00000011111111111111100000100000
00000011111111111111100000100000
00000011111111111111100000100000
00000011111111111111100000100000
00000011111111111111100000100000
00000011111111111111100000100000
00000011111111111111100000100000
00000011111111111111100000100000
00000011111111111111100000100000
00000011111111111111100000100000
00000011111111111111100000100000
00000011111111111111100000100000
00000011111111111111100000100000
00000011111111111111100000100000
00000011111111111111100000100000
00000011111111111111100000100000
00000011111111111111100000100000
00000011111111111111100000100000
00000011111111111111100000100000
00000011111111111111100000100000
00000011111111111111100000100000
00000011111111111111100000100000
00000011111111111111100000100000
00000011111111111111100000100000
00000011111111111111100000100000
00000011111111111111100000100000
00000011111111111111100000100000
00000011111111111111100000100000
00000011111111111111100000100000
00000011111111111111100000100000
00000011111111111111100000100000
00000011111111111111100000100000
00000011111111111111100000100000
00000011111111111111100000100000
00000011111111111111100000100000
00000011111111111111100000100000
00000011111111111111100000100000
00000011111111111111100000100000
00000011111111111111100000100000
00000011111111111111100000100000
00000011111111111111100000100000
00000011111111111111100000100000
00000011111111111111100000100000
00000011111111111111100000100000
00000011111111111111100000100000
00000011111111111111100000100000
00000011111111111111100000100000
00000011111111111111100000100000
00000011111111111111100000100000
00000011111111111111100000100000
00000011111111111111100000100000
00000011111111111111100000100000
00000011111111111111100000100000
00000011111111111111100000100000
00000011111111111111100000100000
00000011111111111111100000100000
00000011111111111111100000100000
00000011111111111111100000100000
00000011111111111111100000100000
00000011111111111111100000100000
00000011111111111111100000100000
00000011111111111111100000100000
00000011111111111111100000100000
00000011111111111111100000100000
00000011111111111111100000100000
00000011111111111111100000100000
00000011111111111111100000100000
00000011111111111111100000100000
00000011111111111111100000100000
00000011111111111111100000100000
00000011111111111111100000100000
00000011111111111111100000100000
00000011111111111111100000100000
00000011111111111111100000100000
00000011111111111111100000100000
00000011111111111111100000100000
00000011111111111111100000100000
00000011111111111111100000100000
00000011111111111111100000100000
00000011111111111111100000100000
00000011111111111111100000100000
00000011111111111111100000100000
00000011111111111111100000100000
00000011111111111111100000100000
00000011111111111111100000100000
00000011111111111111100000100000
00000011111111111111100000100000
00000011111111111111100000100000
00000011111111111111100000100000
00000011111111111111100000100000
00000011111111111111100000100000
00000011111111111111100000100000
00000011111111111111100000100000
00000011111111111111100000100000
00000011111111111111100000100000
00000011111111111111100000100000
00000011111111111111100000100000
00000011111111111111100000100000
00000011111111111111100000100000
00000011111111111111100000100000
00000011111111111111100000100000
00000011111111111111100000100000
00000011111111111111100000100000
00000011111111111111100000100000
00000011111111111111100000100000
00000011111111111111100000100000
00000011111111111111100000100000
00000011111111111111100000100000
00000011111111111111100000100000
00000011111111111111100000100000
00000011111111111111100000100000
00000011111111111111100000100000
00000011111111111111100000100000
00000011111111111111100000100000
00000011111111111111100000100000
00000011111111111111100000100000
00000011111111111111100000100000
00000011111111111111100000100000
00000011111111111111100000100000
00000011111111111111100000100000
00000011111111111111100000100000
00000011111111111111100000100000
00000011111111111111100000100000
00000011111111111111100000100000
00000011111111111111100000100000
00000011111111111111100000100000
00000011111111111111100000100000
00000011111111111111100000100000
00000011111111111111100000100000
00000011111111111111100000100000
00000011111111111111100000100000
00000011111111111111100000100000
00000011111111111111100000100000
00000011111111111111100000100000
00000011111111111111100000100000
00000011111111111111100000100000
00000011111111111111100000100000
00000011111111111111100000100000
00000011111111111111100000100000
00000011111111111111100000100000
00000011111111111111100000100000
00000011111111111111100000100000
00000011111111111111100000100000
00000011111111111111100000100000
00000011111111111111100000100000
00000011111111111111100000100000
00000011111111111111100000100000
00000011111111111111100000100000
00000011111111111111100000100000
00000011111111111111100000100000
00000011111111111111100000100000
00000011111111111111100000100000
00000011111111111111100000100000
00000011111111111111100000100000
00000011111111111111100000100000
00000011111111111111100000100000
00000011111111111111100000100000
00000011111111111111100000100000
00000011111111111111100000100000
00000011111111111111100000100000
00000011111111111111100000100000
00000011111111111111100000100000
00000011111111111111100000100000
00000011111111111111100000100000
00000011111111111111100000100000
